Year	Type_exp	Plot_size	Mean_C	N_C	SD_C	Mean_E	N_E	SD_E
1999	Obs	4	74	4	30	31	4	23.0
2008	Exp	100	1.5	18	4.35968997019347	6.5	18	10.5921646064347
1996	Exp	39.6	53.4916666666667	36	29.6037968124747	44.4833333333333	36	23.2029739473198
2003	Obs	0.008	28.6	12	5.1	40.9	12	9.9
2008	Obs	0.19625	59	9	21	55	8	19.7989898732233
2010	Exp	50.26	572.83	4	65.9	200.13	1	30.43
2005	Obs	0.25	-0.48	12	1.6974097914175	1.75	12	2.52879417905056
1991	Exp	196	71	9	30	80	9	42.0
2010	Exp	1	76	15	15.0659052167469	10	15	8.63675286204254
